Run semi-empirical minimization
 &qmmm
  qm_theory='AM1',grms_tol=0.0002, tight_p_conv=1, scfconv=1.0d-10, itrmax=3000, pseudo_diag=1, maxcyc=1000  qmcharge=0,
 /
   7     N        0.5380        9.9920       24.2190 
   7     N        0.5030       11.8790       23.3300 
   7     N        0.2880       12.0000       23.9300 
   6     C        0.2450       14.6030       25.9490 
   6     C        0.3590       13.8680       24.6600 
   6     C        0.0670       14.4330       24.7690 
   6     C        0.9280       13.6130       24.6950 
   6     C        0.0410       12.2180       24.5150 
   6    C3        0.3310       11.6410       24.3930 
   6    C1        0.5560        9.7500       23.5400 
   6    C2        0.4740       12.4770       24.4710 
   6    C4        0.1880       11.4060       24.4460 
   6    C5        0.2220       10.0570       24.8630 
   6     C        0.4520        9.3770       24.7380 
   6     C        0.3940       11.2640       23.8500 
   6    C6        0.6110        7.9660       25.1260 
   6    C7        0.4440        6.9630       24.1470 
   6    C8        0.5890        5.6000       24.4710 
   6    C9        0.9010        5.2230       25.7890 
   6   C11        0.0620        6.2100       26.7790 
   6   C10        0.9160        7.5740       26.4550 
   8     O        0.5300       14.5920       24.7220 
   8     O        0.4070       10.2770       24.1860 
  17    Cl        0.0790        3.5550       26.1930 
  17   Cl1        0.0950        8.7430       27.7170 
   1     H        0.3880       11.3960       23.3190 
   1     H        0.4740       12.8630       23.1080 
   1   H01        0.3010        5.9180       27.8020 
   1   H02        0.5300       13.5850       26.2130 
   1   H03        0.9540       15.5080       24.9110 
   1   H04        0.0610       14.0630       24.7780 
   1   H05        0.8040       10.3680       22.6770 
   1   H06        0.4650       12.0320       24.3830 
   1   H07        0.6630        9.5630       25.2640 
   1   H08        0.1990        7.2480       23.1240 
   1   H09        0.4600        4.8390       23.7010 
   1   H10        0.3530        8.7310       23.2110 
   1   H11        0.6140       15.0200       26.7340 
   1   H12        0.3940        9.7460       24.2370 
   1   H13        0.1410       15.2140       25.8410 

