Run semi-empirical minimization
 &qmmm
    qm_theory='AM1', grms_tol=0.0005,
 scfconv=1.d-10, ndiis_attempts=700,   qmcharge=0,
 /
   7     N        0.4610       10.1750       24.4240 
   7     N        0.4450       12.1180       23.6900 
   7     N        0.1860       12.1630       24.1090 
   6     C        0.5860       10.2580       23.8460 
   6    C1        0.4510       11.7280       24.2080 
   6     C        0.6140       12.5280       24.2290 
   6    C3        0.5340       13.8980       24.5380 
   6    C2        0.2860       14.4760       24.8250 
   6     C        0.1240       13.6820       24.8080 
   6    C4        0.1870       12.3020       24.5090 
   6     C        0.0640       11.5220       24.5080 
   6    C5        0.1000       10.1600       24.8760 
   6     C        0.3530        9.5150       24.8280 
   6     C        0.3140       11.4560       24.0920 
   6    C6        0.5170        8.0940       25.1750 
   6    C7        0.3780        7.1190       24.1620 
   6    C8        0.5290        5.7490       24.4480 
   6    C9        0.8190        5.3340       25.7600 
   6   C10        0.9520        6.2920       26.7820 
   6   C11        0.8000        7.6640       26.4970 
  17    Cl        0.0060        3.6560       26.1170 
  17    Cl        0.9440        8.7960       27.7960 
   1     H        0.3340       11.6410       23.6740 
   1     H        0.4010       13.0950       23.4420 
   1   H01        0.1740        5.9710       27.8000 
   1   H02        0.4880       10.1380       22.7670 
   1   H03        0.5820       12.0800       24.0040 
   1   H04        0.4370       14.5090       24.5550 
   1   H05        0.2180       15.5380       25.0610 
   1   H06        0.1590       14.1390       25.0290 
   1   H07        0.8010        9.6300       25.1840 
   1   H08        0.1500        7.4330       23.1430 
   1   H09        0.4210        5.0110       23.6530 
   1   H10        0.8060        9.6860       24.3480 
   1   H11        0.5630        9.8940       24.1640 

