Run semi-empirical minimization
 &qmmm
    qm_theory='AM1', grms_tol=0.0005,
 scfconv=1.d-10, ndiis_attempts=700,   qmcharge=1,
 /
   8     O        3.8210        2.9250        8.1040 
   6     C        4.4170        2.0770        7.2410 
   8    O1        5.2130        1.2200        7.5940 
   6    C1        4.0660        2.3050        5.8160 
   6    C2        2.8040        2.7680        5.4210 
   6    C3        2.5280        2.9540        4.0650 
   6    C4        3.5020        2.6740        3.1050 
   6    C5        4.7630        2.1860        3.4820 
   6    C6        5.8120        1.8720        2.4350 
   7     N        6.2520        0.4920        2.4440 
   6    C7        7.5450        0.0910        2.7870 
   8    O2        8.4760        0.8230        3.0950 
   6    C8        7.6040       -1.4610        2.7180 
   6    C9        7.8480       -2.0300        4.1270 
   6   C10        9.3150       -2.0430        4.5400 
   7    N1       10.1550       -2.6510        3.4940 
   6   C11       10.0810       -1.9350        2.2110 
   6   C12        8.6530       -1.8830        1.6710 
  16     S       10.3760       -4.3320        3.4860 
   8    O3        9.0950       -4.9580        3.7020 
   8    O4       11.2030       -4.6920        2.3440 
   6   C13       11.3540       -4.7740        4.9160 
   6   C14       11.1130       -5.6120        5.9910 
   6   C15       12.1890       -5.6200        6.9290 
   6   C16       13.2240       -4.8040        6.5300 
  16    S1       12.9010       -4.0460        5.0290 
   6   C17        6.1820       -1.7820        2.2760 
   6   C18        5.5750       -3.0200        2.0910 
   6   C19        4.2150       -3.0490        1.7660 
  35    Br        3.3370       -4.7090        1.5410 
   6   C20        3.4800       -1.8650        1.6180 
   6   C21        4.1010       -0.6270        1.7940 
   6   C22        5.4430       -0.6070        2.1390 
   6   C23        5.0340        2.0030        4.8470 
   1     H        2.0820        2.9710        6.1290 
   1    H1        1.6010        3.2990        3.7720 
   1    H2        3.2930        2.8280        2.1070 
   1    H3        6.6620        2.4980        2.6110 
   1    H4        5.3630        2.0500        1.4800 
   1    H5        7.4820       -3.0350        4.1520 
   1    H6        7.3370       -1.3890        4.8140 
   1    H7        9.4190       -2.6080        5.4430 
   1    H8        9.6360       -1.0330        4.6890 
   1    H9       10.7020       -2.4360        1.4980 
   1   H10       10.4120       -0.9300        2.3720 
   1   H11        8.6240       -1.1810        0.8630 
   1   H12        8.4020       -2.8760        1.3620 
   1   H13       10.2510       -6.1680        6.1030 
   1   H14       12.1910       -6.1720        7.8010 
   1   H15       14.0910       -4.6650        7.0720 
   1   H16        6.1140       -3.8940        2.1910 
   1   H17        2.4770       -1.9080        1.3790 
   1   H18        3.5740        0.2520        1.6700 
   1   H19        5.9550        1.6420        5.1400 

